3.3196e-01 2.0000e-01 5.0000e-01 -1.0577e-01 6.9947e-01 1.0561e-01 6.9886e-01
3.3196e-01 1.9996e-01 5.0400e-01 -1.0577e-01 6.9947e-01 1.0561e-01 6.9886e-01
3.3196e-01 1.9984e-01 5.0800e-01 -1.0577e-01 6.9947e-01 1.0561e-01 6.9886e-01
3.3196e-01 1.9964e-01 5.1199e-01 -1.0577e-01 6.9947e-01 1.0561e-01 6.9886e-01
3.3196e-01 1.9936e-01 5.1598e-01 -1.0577e-01 6.9947e-01 1.0561e-01 6.9886e-01
3.3196e-01 1.9900e-01 5.1997e-01 -1.0577e-01 6.9947e-01 1.0561e-01 6.9886e-01
3.3196e-01 1.9856e-01 5.2394e-01 -1.0577e-01 6.9947e-01 1.0561e-01 6.9886e-01
3.3196e-01 1.9804e-01 5.2791e-01 -1.0577e-01 6.9947e-01 1.0561e-01 6.9886e-01
3.3196e-01 1.9745e-01 5.3186e-01 -1.0577e-01 6.9947e-01 1.0561e-01 6.9886e-01
3.3196e-01 1.9677e-01 5.3581e-01 -1.0577e-01 6.9947e-01 1.0561e-01 6.9886e-01
3.3196e-01 1.9601e-01 5.3973e-01 -1.0577e-01 6.9947e-01 1.0561e-01 6.9886e-01
3.3196e-01 1.9518e-01 5.4365e-01 -1.0577e-01 6.9947e-01 1.0561e-01 6.9886e-01
3.3196e-01 1.9427e-01 5.4754e-01 -1.0577e-01 6.9947e-01 1.0561e-01 6.9886e-01
3.3196e-01 1.9328e-01 5.5142e-01 -1.0577e-01 6.9947e-01 1.0561e-01 6.9886e-01
3.3196e-01 1.9221e-01 5.5527e-01 -1.0577e-01 6.9947e-01 1.0561e-01 6.9886e-01
3.3196e-01 1.9107e-01 5.5910e-01 -1.0577e-01 6.9947e-01 1.0561e-01 6.9886e-01
3.3196e-01 1.8985e-01 5.6291e-01 -1.0577e-01 6.9947e-01 1.0561e-01 6.9886e-01
3.3196e-01 1.8855e-01 5.6670e-01 -1.0577e-01 6.9947e-01 1.0561e-01 6.9886e-01
3.3196e-01 1.8718e-01 5.7045e-01 -1.0577e-01 6.9947e-01 1.0561e-01 6.9886e-01
3.3196e-01 1.8573e-01 5.7418e-01 -1.0577e-01 6.9947e-01 1.0561e-01 6.9886e-01
3.3196e-01 1.8421e-01 5.7788e-01 -1.0577e-01 6.9947e-01 1.0561e-01 6.9886e-01
3.3196e-01 1.8262e-01 5.8155e-01 -1.0577e-01 6.9947e-01 1.0561e-01 6.9886e-01
3.3196e-01 1.8095e-01 5.8519e-01 -1.0577e-01 6.9947e-01 1.0561e-01 6.9886e-01
3.3196e-01 1.7921e-01 5.8879e-01 -1.0577e-01 6.9947e-01 1.0561e-01 6.9886e-01
3.3196e-01 1.7740e-01 5.9236e-01 -1.0577e-01 6.9947e-01 1.0561e-01 6.9886e-01
3.3196e-01 1.7552e-01 5.9589e-01 -1.0577e-01 6.9947e-01 1.0561e-01 6.9886e-01
3.3196e-01 1.7356e-01 5.9938e-01 -1.0577e-01 6.9947e-01 1.0561e-01 6.9886e-01
3.3196e-01 1.7154e-01 6.0283e-01 -1.0577e-01 6.9947e-01 1.0561e-01 6.9886e-01
3.3196e-01 1.6945e-01 6.0624e-01 -1.0577e-01 6.9947e-01 1.0561e-01 6.9886e-01
3.3196e-01 1.6729e-01 6.0960e-01 -1.0577e-01 6.9947e-01 1.0561e-01 6.9886e-01
3.3196e-01 1.6507e-01 6.1293e-01 -1.0577e-01 6.9947e-01 1.0561e-01 6.9886e-01
3.3196e-01 1.6278e-01 6.1621e-01 -1.0577e-01 6.9947e-01 1.0561e-01 6.9886e-01
3.3196e-01 1.6042e-01 6.1944e-01 -1.0577e-01 6.9947e-01 1.0561e-01 6.9886e-01
3.3196e-01 1.5800e-01 6.2262e-01 -1.0577e-01 6.9947e-01 1.0561e-01 6.9886e-01
3.3196e-01 1.5551e-01 6.2576e-01 -1.0577e-01 6.9947e-01 1.0561e-01 6.9886e-01
3.3196e-01 1.5297e-01 6.2884e-01 -1.0577e-01 6.9947e-01 1.0561e-01 6.9886e-01
3.3196e-01 1.5036e-01 6.3188e-01 -1.0577e-01 6.9947e-01 1.0561e-01 6.9886e-01
3.3196e-01 1.4769e-01 6.3486e-01 -1.0577e-01 6.9947e-01 1.0561e-01 6.9886e-01
3.3196e-01 1.4497e-01 6.3778e-01 -1.0577e-01 6.9947e-01 1.0561e-01 6.9886e-01
3.3196e-01 1.4218e-01 6.4066e-01 -1.0577e-01 6.9947e-01 1.0561e-01 6.9886e-01
3.3196e-01 1.3934e-01 6.4347e-01 -1.0577e-01 6.9947e-01 1.0561e-01 6.9886e-01
3.3196e-01 1.3644e-01 6.4623e-01 -1.0577e-01 6.9947e-01 1.0561e-01 6.9886e-01
3.3196e-01 1.3349e-01 6.4893e-01 -1.0577e-01 6.9947e-01 1.0561e-01 6.9886e-01
3.3196e-01 1.3049e-01 6.5157e-01 -1.0577e-01 6.9947e-01 1.0561e-01 6.9886e-01
3.3196e-01 1.2743e-01 6.5415e-01 -1.0577e-01 6.9947e-01 1.0561e-01 6.9886e-01
3.3196e-01 1.2432e-01 6.5667e-01 -1.0577e-01 6.9947e-01 1.0561e-01 6.9886e-01
3.3196e-01 1.2116e-01 6.5912e-01 -1.0577e-01 6.9947e-01 1.0561e-01 6.9886e-01
3.3196e-01 1.1796e-01 6.6151e-01 -1.0577e-01 6.9947e-01 1.0561e-01 6.9886e-01
3.3196e-01 1.1470e-01 6.6384e-01 -1.0577e-01 6.9947e-01 1.0561e-01 6.9886e-01
3.3196e-01 1.1140e-01 6.6610e-01 -1.0577e-01 6.9947e-01 1.0561e-01 6.9886e-01
3.3196e-01 1.0806e-01 6.6829e-01 -1.0577e-01 6.9947e-01 1.0561e-01 6.9886e-01
3.3196e-01 1.0467e-01 6.7042e-01 -1.0577e-01 6.9947e-01 1.0561e-01 6.9886e-01
3.3196e-01 1.0124e-01 6.7248e-01 -1.0577e-01 6.9947e-01 1.0561e-01 6.9886e-01
3.3196e-01 9.7774e-02 6.7447e-01 -1.0577e-01 6.9947e-01 1.0561e-01 6.9886e-01
3.3196e-01 9.4266e-02 6.7639e-01 -1.0577e-01 6.9947e-01 1.0561e-01 6.9886e-01
3.3196e-01 9.0719e-02 6.7824e-01 -1.0577e-01 6.9947e-01 1.0561e-01 6.9886e-01
3.3196e-01 8.7136e-02 6.8002e-01 -1.0577e-01 6.9947e-01 1.0561e-01 6.9886e-01
3.3196e-01 8.3519e-02 6.8173e-01 -1.0577e-01 6.9947e-01 1.0561e-01 6.9886e-01
3.3196e-01 7.9868e-02 6.8336e-01 -1.0577e-01 6.9947e-01 1.0561e-01 6.9886e-01
3.3196e-01 7.6185e-02 6.8492e-01 -1.0577e-01 6.9947e-01 1.0561e-01 6.9886e-01
3.3196e-01 7.2472e-02 6.8641e-01 -1.0577e-01 6.9947e-01 1.0561e-01 6.9886e-01
3.3196e-01 6.8729e-02 6.8782e-01 -1.0577e-01 6.9947e-01 1.0561e-01 6.9886e-01
3.3196e-01 6.4959e-02 6.8916e-01 -1.0577e-01 6.9947e-01 1.0561e-01 6.9886e-01
3.3196e-01 6.1163e-02 6.9042e-01 -1.0577e-01 6.9947e-01 1.0561e-01 6.9886e-01
3.3196e-01 5.7343e-02 6.9160e-01 -1.0577e-01 6.9947e-01 1.0561e-01 6.9886e-01
3.3196e-01 5.3500e-02 6.9271e-01 -1.0577e-01 6.9947e-01 1.0561e-01 6.9886e-01
3.3196e-01 4.9635e-02 6.9374e-01 -1.0577e-01 6.9947e-01 1.0561e-01 6.9886e-01
3.3196e-01 4.5751e-02 6.9470e-01 -1.0577e-01 6.9947e-01 1.0561e-01 6.9886e-01
3.3196e-01 4.1848e-02 6.9557e-01 -1.0577e-01 6.9947e-01 1.0561e-01 6.9886e-01
3.3196e-01 3.7928e-02 6.9637e-01 -1.0577e-01 6.9947e-01 1.0561e-01 6.9886e-01
3.3196e-01 3.3993e-02 6.9709e-01 -1.0577e-01 6.9947e-01 1.0561e-01 6.9886e-01
3.3196e-01 3.0045e-02 6.9773e-01 -1.0577e-01 6.9947e-01 1.0561e-01 6.9886e-01
3.3196e-01 2.6085e-02 6.9829e-01 -1.0577e-01 6.9947e-01 1.0561e-01 6.9886e-01
3.3196e-01 2.2114e-02 6.9877e-01 -1.0577e-01 6.9947e-01 1.0561e-01 6.9886e-01
3.3196e-01 1.8134e-02 6.9918e-01 -1.0577e-01 6.9947e-01 1.0561e-01 6.9886e-01
3.3196e-01 1.4147e-02 6.9950e-01 -1.0577e-01 6.9947e-01 1.0561e-01 6.9886e-01
3.3196e-01 1.0155e-02 6.9974e-01 -1.0577e-01 6.9947e-01 1.0561e-01 6.9886e-01
3.3196e-01 6.1583e-03 6.9991e-01 -1.0577e-01 6.9947e-01 1.0561e-01 6.9886e-01
3.3196e-01 2.1592e-03 6.9999e-01 -1.0577e-01 6.9947e-01 1.0561e-01 6.9886e-01
3.3196e-01 -1.8407e-03 6.9999e-01 -1.0577e-01 6.9947e-01 1.0561e-01 6.9886e-01
3.3196e-01 -5.8399e-03 6.9991e-01 -1.0577e-01 6.9947e-01 1.0561e-01 6.9886e-01
3.3196e-01 -9.8368e-03 6.9976e-01 -1.0577e-01 6.9947e-01 1.0561e-01 6.9886e-01
3.3196e-01 -1.3830e-02 6.9952e-01 -1.0577e-01 6.9947e-01 1.0561e-01 6.9886e-01
3.3196e-01 -1.7817e-02 6.9920e-01 -1.0577e-01 6.9947e-01 1.0561e-01 6.9886e-01
3.3196e-01 -2.1797e-02 6.9881e-01 -1.0577e-01 6.9947e-01 1.0561e-01 6.9886e-01
3.3196e-01 -2.5769e-02 6.9833e-01 -1.0577e-01 6.9947e-01 1.0561e-01 6.9886e-01
3.3196e-01 -2.9730e-02 6.9778e-01 -1.0577e-01 6.9947e-01 1.0561e-01 6.9886e-01
3.3196e-01 -3.3679e-02 6.9714e-01 -1.0577e-01 6.9947e-01 1.0561e-01 6.9886e-01
3.3196e-01 -3.7615e-02 6.9643e-01 -1.0577e-01 6.9947e-01 1.0561e-01 6.9886e-01
3.3196e-01 -4.1536e-02 6.9564e-01 -1.0577e-01 6.9947e-01 1.0561e-01 6.9886e-01
3.3196e-01 -4.5440e-02 6.9477e-01 -1.0577e-01 6.9947e-01 1.0561e-01 6.9886e-01
3.3196e-01 -4.9326e-02 6.9382e-01 -1.0577e-01 6.9947e-01 1.0561e-01 6.9886e-01
3.3196e-01 -5.3193e-02 6.9280e-01 -1.0577e-01 6.9947e-01 1.0561e-01 6.9886e-01
3.3196e-01 -5.7038e-02 6.9169e-01 -1.0577e-01 6.9947e-01 1.0561e-01 6.9886e-01
3.3196e-01 -6.0860e-02 6.9052e-01 -1.0577e-01 6.9947e-01 1.0561e-01 6.9886e-01
3.3196e-01 -6.4658e-02 6.8926e-01 -1.0577e-01 6.9947e-01 1.0561e-01 6.9886e-01
3.3196e-01 -6.8430e-02 6.8793e-01 -1.0577e-01 6.9947e-01 1.0561e-01 6.9886e-01
3.3196e-01 -7.2175e-02 6.8652e-01 -1.0577e-01 6.9947e-01 1.0561e-01 6.9886e-01
3.3196e-01 -7.5890e-02 6.8504e-01 -1.0577e-01 6.9947e-01 1.0561e-01 6.9886e-01
3.3196e-01 -7.9576e-02 6.8349e-01 -1.0577e-01 6.9947e-01 1.0561e-01 6.9886e-01
3.3196e-01 -8.3229e-02 6.8186e-01 -1.0577e-01 6.9947e-01 1.0561e-01 6.9886e-01
3.3196e-01 -8.6850e-02 6.8016e-01 -1.0577e-01 6.9947e-01 1.0561e-01 6.9886e-01
3.3196e-01 -9.0435e-02 6.7839e-01 -1.0577e-01 6.9947e-01 1.0561e-01 6.9886e-01
3.3196e-01 -9.3985e-02 6.7654e-01 -1.0577e-01 6.9947e-01 1.0561e-01 6.9886e-01
3.3196e-01 -9.7496e-02 6.7463e-01 -1.0577e-01 6.9947e-01 1.0561e-01 6.9886e-01
3.3196e-01 -1.0097e-01 6.7264e-01 -1.0577e-01 6.9947e-01 1.0561e-01 6.9886e-01
3.3196e-01 -1.0440e-01 6.7059e-01 -1.0577e-01 6.9947e-01 1.0561e-01 6.9886e-01
3.3196e-01 -1.0779e-01 6.6847e-01 -1.0577e-01 6.9947e-01 1.0561e-01 6.9886e-01
3.3196e-01 -1.1114e-01 6.6628e-01 -1.0577e-01 6.9947e-01 1.0561e-01 6.9886e-01
3.3196e-01 -1.1444e-01 6.6402e-01 -1.0577e-01 6.9947e-01 1.0561e-01 6.9886e-01
3.3196e-01 -1.1770e-01 6.6170e-01 -1.0577e-01 6.9947e-01 1.0561e-01 6.9886e-01
3.3196e-01 -1.2091e-01 6.5931e-01 -1.0577e-01 6.9947e-01 1.0561e-01 6.9886e-01
3.3196e-01 -1.2407e-01 6.5686e-01 -1.0577e-01 6.9947e-01 1.0561e-01 6.9886e-01
3.3196e-01 -1.2718e-01 6.5435e-01 -1.0577e-01 6.9947e-01 1.0561e-01 6.9886e-01
3.3196e-01 -1.3025e-01 6.5178e-01 -1.0577e-01 6.9947e-01 1.0561e-01 6.9886e-01
3.3196e-01 -1.3326e-01 6.4914e-01 -1.0577e-01 6.9947e-01 1.0561e-01 6.9886e-01
3.3196e-01 -1.3621e-01 6.4645e-01 -1.0577e-01 6.9947e-01 1.0561e-01 6.9886e-01
3.3196e-01 -1.3911e-01 6.4369e-01 -1.0577e-01 6.9947e-01 1.0561e-01 6.9886e-01
3.3196e-01 -1.4196e-01 6.4088e-01 -1.0577e-01 6.9947e-01 1.0561e-01 6.9886e-01
3.3196e-01 -1.4475e-01 6.3801e-01 -1.0577e-01 6.9947e-01 1.0561e-01 6.9886e-01
3.3196e-01 -1.4748e-01 6.3509e-01 -1.0577e-01 6.9947e-01 1.0561e-01 6.9886e-01
3.3196e-01 -1.5015e-01 6.3212e-01 -1.0577e-01 6.9947e-01 1.0561e-01 6.9886e-01
3.3196e-01 -1.5276e-01 6.2909e-01 -1.0577e-01 6.9947e-01 1.0561e-01 6.9886e-01
3.3196e-01 -1.5531e-01 6.2601e-01 -1.0577e-01 6.9947e-01 1.0561e-01 6.9886e-01
3.3196e-01 -1.5780e-01 6.2287e-01 -1.0577e-01 6.9947e-01 1.0561e-01 6.9886e-01
3.3196e-01 -1.6023e-01 6.1969e-01 -1.0577e-01 6.9947e-01 1.0561e-01 6.9886e-01
3.3196e-01 -1.6259e-01 6.1647e-01 -1.0577e-01 6.9947e-01 1.0561e-01 6.9886e-01
3.3196e-01 -1.6489e-01 6.1319e-01 -1.0577e-01 6.9947e-01 1.0561e-01 6.9886e-01
3.3196e-01 -1.6712e-01 6.0987e-01 -1.0577e-01 6.9947e-01 1.0561e-01 6.9886e-01
3.3196e-01 -1.6928e-01 6.0651e-01 -1.0577e-01 6.9947e-01 1.0561e-01 6.9886e-01
3.3196e-01 -1.7138e-01 6.0310e-01 -1.0577e-01 6.9947e-01 1.0561e-01 6.9886e-01
3.3196e-01 -1.7341e-01 5.9965e-01 -1.0577e-01 6.9947e-01 1.0561e-01 6.9886e-01
3.3196e-01 -1.7536e-01 5.9616e-01 -1.0577e-01 6.9947e-01 1.0561e-01 6.9886e-01
3.3196e-01 -1.7725e-01 5.9264e-01 -1.0577e-01 6.9947e-01 1.0561e-01 6.9886e-01
3.3196e-01 -1.7907e-01 5.8907e-01 -1.0577e-01 6.9947e-01 1.0561e-01 6.9886e-01
3.3196e-01 -1.8081e-01 5.8548e-01 -1.0577e-01 6.9947e-01 1.0561e-01 6.9886e-01
3.3196e-01 -1.8249e-01 5.8184e-01 -1.0577e-01 6.9947e-01 1.0561e-01 6.9886e-01
3.3196e-01 -1.8409e-01 5.7818e-01 -1.0577e-01 6.9947e-01 1.0561e-01 6.9886e-01
3.3196e-01 -1.8561e-01 5.7448e-01 -1.0577e-01 6.9947e-01 1.0561e-01 6.9886e-01
3.3196e-01 -1.8707e-01 5.7075e-01 -1.0577e-01 6.9947e-01 1.0561e-01 6.9886e-01
3.3196e-01 -1.8844e-01 5.6700e-01 -1.0577e-01 6.9947e-01 1.0561e-01 6.9886e-01
3.3196e-01 -1.8975e-01 5.6322e-01 -1.0577e-01 6.9947e-01 1.0561e-01 6.9886e-01
3.3196e-01 -1.9097e-01 5.5941e-01 -1.0577e-01 6.9947e-01 1.0561e-01 6.9886e-01
3.3196e-01 -1.9212e-01 5.5558e-01 -1.0577e-01 6.9947e-01 1.0561e-01 6.9886e-01
3.3196e-01 -1.9320e-01 5.5172e-01 -1.0577e-01 6.9947e-01 1.0561e-01 6.9886e-01
3.3196e-01 -1.9419e-01 5.4785e-01 -1.0577e-01 6.9947e-01 1.0561e-01 6.9886e-01
3.3196e-01 -1.9511e-01 5.4396e-01 -1.0577e-01 6.9947e-01 1.0561e-01 6.9886e-01
3.3196e-01 -1.9595e-01 5.4005e-01 -1.0577e-01 6.9947e-01 1.0561e-01 6.9886e-01
3.3196e-01 -1.9671e-01 5.3612e-01 -1.0577e-01 6.9947e-01 1.0561e-01 6.9886e-01
3.3196e-01 -1.9739e-01 5.3218e-01 -1.0577e-01 6.9947e-01 1.0561e-01 6.9886e-01
3.3196e-01 -1.9800e-01 5.2822e-01 -1.0577e-01 6.9947e-01 1.0561e-01 6.9886e-01
3.3196e-01 -1.9852e-01 5.2426e-01 -1.0577e-01 6.9947e-01 1.0561e-01 6.9886e-01
3.3196e-01 -1.9897e-01 5.2028e-01 -1.0577e-01 6.9947e-01 1.0561e-01 6.9886e-01
3.3196e-01 -1.9933e-01 5.1630e-01 -1.0577e-01 6.9947e-01 1.0561e-01 6.9886e-01
3.3196e-01 -1.9962e-01 5.1231e-01 -1.0577e-01 6.9947e-01 1.0561e-01 6.9886e-01
3.3196e-01 -1.9983e-01 5.0832e-01 -1.0577e-01 6.9947e-01 1.0561e-01 6.9886e-01
3.3196e-01 -1.9995e-01 5.0432e-01 -1.0577e-01 6.9947e-01 1.0561e-01 6.9886e-01
