3.9993e-01 -1.0000e+00 5.0005e-01 -1.0700e+00 -1.5708e+00 9.9996e-02
3.9699e-01 -9.9353e-01 5.7946e-01 -1.0658e+00 -1.4784e+00 -8.6985e-02
3.9405e-01 -9.8706e-01 6.5887e-01 -1.0617e+00 -1.3860e+00 -2.7397e-01
3.9111e-01 -9.8058e-01 7.3828e-01 -1.0576e+00 -1.2936e+00 -4.6095e-01
3.8817e-01 -9.7410e-01 8.1769e-01 -1.0535e+00 -1.2012e+00 -6.4793e-01
3.8523e-01 -9.6763e-01 8.9710e-01 -1.0494e+00 -1.1088e+00 -8.3491e-01
3.8229e-01 -9.6115e-01 9.7651e-01 -1.0453e+00 -1.0164e+00 -1.0219e+00
3.7935e-01 -9.5468e-01 1.0559e+00 -1.0412e+00 -9.2404e-01 -1.2089e+00
3.7641e-01 -9.4820e-01 1.1353e+00 -1.0371e+00 -8.3164e-01 -1.3958e+00
3.7347e-01 -9.4173e-01 1.2147e+00 -1.0329e+00 -7.3924e-01 -1.5828e+00
3.7053e-01 -9.3525e-01 1.2942e+00 -1.0288e+00 -6.4685e-01 -1.7698e+00
3.6759e-01 -9.2878e-01 1.3736e+00 -1.0247e+00 -5.5445e-01 -1.9568e+00
3.6465e-01 -9.2230e-01 1.4530e+00 -1.0206e+00 -4.6206e-01 -2.1438e+00
3.6171e-01 -9.1583e-01 1.5324e+00 -1.0165e+00 -3.6966e-01 -2.3308e+00
3.5877e-01 -9.0935e-01 1.6118e+00 -1.0124e+00 -2.7727e-01 -2.5177e+00
3.5583e-01 -9.0288e-01 1.6912e+00 -1.0083e+00 -1.8487e-01 -2.7047e+00
3.5289e-01 -8.9640e-01 1.7706e+00 -1.0042e+00 -9.2475e-02 -2.8917e+00
3.4995e-01 -8.8993e-01 1.8500e+00 -1.0001e+00 -7.9730e-05 -3.0787e+00
